Žodis                   Pasikartojimų sk.       Eilutės numeris
____________________________________________________________
12                       2                        19 20 
3                        6                        17 19 24 28 39 45 
4                        3                        22 23 34 
5                        8                        2 9 23 26 36 39 76 136 
6                        2                        24 33 
9                        2                        29 30 
abiejų                  2                        55 121 
aloyzo                   2                        55 121 
altorių                 2                        49 123 
anas                     2                        107 108 
ant                      4                        55 92 116 117 
antrą                   2                        22 45 
apie                     3                        5 96 123 
ar                       5                        147 160 161 164 167 
arba                     3                        37 116 158 
atrodė                  3                        88 149 154 
atsimindavo              3                        126 127 132 
baisu                    2                        61 104 
balsas                   2                        41 42 
banga                    2                        53 95 
bažnyčia               2                        35 88 
bažnyčios              2                        81 131 
be                       3                        35 89 116 
bent                     2                        88 151 
bet                      20                       3 6 40 52 60 73 74 77 79 83 86 103 117 130 148 149 173 176 181 183 
buvo                     42                       2 7 32 32 45 47 48 51 53 56 68 72 76 80 85 86 87 89 90 94 95 95 96 98 107 115 120 123 134 137 139 141 142 155 165 166 168 171 175 177 178 179 
būdavo                  9                        21 22 29 38 42 57 57 59 173 
būtų                   3                        61 150 179 
dabar                    3                        115 133 139 
dar                      18                       3 6 10 14 19 28 31 36 40 42 85 87 89 89 106 111 148 154 
darbo                    3                        31 162 182 
darbui                   3                        23 24 30 
daug                     6                        71 75 104 112 123 123 
daugelio                 3                        71 111 125 
daugeliui                2                        63 183 
daugiau                  4                        68 83 151 183 
dažnai                  2                        26 60 
degė                    2                        119 123 
devyni                   2                        1 17 
didelių                 3                        61 62 94 
dienomis                 3                        17 33 43 
dienos                   6                        31 38 50 55 57 137 
dieną                   3                        37 52 132 
dienų                   2                        9 136 
dievo                    4                        36 82 121 130 
dirbti                   2                        95 95 
drabužiais              2                        11 155 
draugai                  2                        10 96 
draugas                  3                        81 84 143 
drauge                   2                        13 46 
draugo                   2                        90 91 
du                       4                        58 80 85 85 
duodavo                  3                        24 37 162 
dvasios                  7                        29 30 38 49 62 69 134 
dvi                      2                        145 153 
dviejų                  2                        48 61 
dėl                     6                        44 67 82 131 150 180 
eidavo                   4                        20 31 34 37 
elgesio                  3                        25 91 166 
esą                     3                        85 103 140 
esąs                    2                        2 44 
galima                   2                        71 179 
galutinai                2                        14 73 
galvos                   3                        9 71 172 
galą                    2                        20 31 
garbiniuotas             2                        107 112 
gavėnioj                2                        34 39 
geriau                   2                        149 150 
gilesnio                 2                        129 134 
gimnazijos               2                        79 79 
gyvenimas                2                        63 111 
gyvenimo                 9                        15 32 52 52 53 72 73 84 132 
gyvenimą                6                        15 52 92 125 128 166 
iki                      8                        9 13 19 19 21 22 36 162 
ilgas                    2                        3 9 
ir                       145                      1 3 4 5 7 8 8 9 9 10 11 13 14 15 16 18 19 20 20 22 26 26 27 28 30 31 32 33 39 39 41 41 42 42 44 45 46 48 49 50 51 52 53 53 54 55 56 57 58 59 60 63 64 65 68 69 71 72 74 76 77 77 80 81 82 83 83 84 86 86 88 89 90 91 91 92 94 96 96 97 99 101 105 106 107 107 108 111 112 115 118 119 120 121 123 124 124 126 127 128 130 130 130 131 132 132 135 136 137 137 140 141 141 148 150 150 152 153 155 156 157 157 158 162 162 167 169 169 170 172 172 173 174 175 177 177 177 178 179 180 181 181 182 182 184 
iš                      37                       1 7 8 17 25 42 43 50 55 55 67 79 81 83 88 90 91 94 113 121 131 136 139 140 140 141 143 148 149 153 154 154 158 166 171 176 185 
išbuvęs                2                        14 40 
išeiti                  2                        131 167 
iškilmingas             2                        120 161 
išpažintis             2                        126 130 
jam                      16                       42 47 61 62 64 73 77 77 88 91 92 97 128 129 131 166 
jas                      2                        25 127 
jau                      21                       4 7 14 40 45 63 72 75 92 94 95 95 96 100 106 107 110 111 139 143 145 
jaunatvės               2                        54 64 
jaunuolių               3                        53 58 61 
jautė                   2                        62 160 
ji                       2                        50 57 
jie                      20                       8 10 19 20 21 31 33 34 37 38 53 73 74 115 136 138 139 141 142 143 
jiem                     5                        24 32 68 69 138 
jis                      40                       1 8 9 14 42 43 45 62 69 76 84 85 86 87 90 92 95 95 96 110 112 114 126 127 130 132 133 134 149 150 151 151 152 161 161 166 169 172 177 179 
jisai                    8                        3 60 72 88 135 155 160 176 
jo                       14                       6 7 10 43 81 89 143 150 165 171 171 176 176 177 
jos                      3                        79 128 179 
judu                     2                        151 151 
juk                      3                        5 86 142 
juos                     12                       17 18 23 24 27 28 34 36 70 137 179 181 
ją                      2                        52 182 
jį                      13                       41 45 78 79 85 89 96 97 99 100 121 133 166 
jų                      4                        5 5 111 140 
kad                      18                       8 44 46 81 85 92 100 110 133 139 140 140 150 150 155 172 173 179 
kada                     6                        57 63 125 160 160 177 
kai                      6                        45 72 111 125 143 148 
kaip                     13                       3 10 42 61 84 85 104 140 147 154 157 171 177 
kalbos                   2                        179 181 
kambarius                2                        173 176 
kambarys                 2                        3 5 
kamžomis                2                        58 124 
kartais                  4                        25 92 125 172 
kartu                    3                        35 37 181 
kartą                   6                        9 11 19 31 45 81 
kas                      3                        19 151 158 
katedroj                 2                        161 164 
kažkodėl               3                        85 146 176 
keldavosi                2                        33 43 
kiek                     4                        98 99 99 111 
kiekvienas               4                        4 46 47 173 
kitaip                   2                        71 88 
kitais                   2                        13 46 
kiti                     4                        10 77 138 149 
klierikai                6                        119 160 162 171 173 176 
klierikus                3                        106 112 179 
klierikų                9                        41 56 123 139 165 166 177 181 184 
komedijos                2                        151 153 
komunijos                4                        12 86 119 148 
komuniją                4                        81 128 131 132 
koplyčia                5                        26 48 50 57 64 
koplyčioj               4                        32 46 61 63 
koplyčios               2                        55 136 
koplyčią               5                        18 20 28 46 118 
kunigas                  4                        97 99 100 151 
kunigo                   3                        24 69 182 
kunigu                   2                        98 113 
kur                      10                       15 24 41 72 87 89 110 151 172 177 
kurie                    2                        69 104 
kuris                    2                        7 22 
kurią                   2                        128 159 
kurį                    3                        32 47 53 
ką                      6                        74 95 98 100 104 173 
laikas                   3                        22 30 68 
laikydavo                2                        38 161 
lankydavo                4                        21 31 172 176 
leidosi                  2                        46 115 
lenkiškai               2                        66 67 
liesas                   2                        108 154 
lietuvai                 2                        95 104 
lietuviškai             2                        69 171 
lietuvių                4                        110 169 179 180 
liudas                   15                       6 13 40 45 59 67 71 75 110 114 118 121 125 154 159 
liudo                    6                        3 63 81 84 85 111 
liudui                   4                        50 55 98 106 
liudą                   4                        1 9 79 94 
lovos                    2                        4 8 
lydėjo                  2                        79 121 
maironis                 2                        97 97 
maldas                   2                        49 66 
maldom                   3                        18 28 115 
maldų                   3                        29 38 67 
mazurkovskis             2                        175 178 
meditacijai              2                        18 115 
meditacijos              3                        11 29 32 
metu                     7                        17 27 28 34 80 98 180 
metų                    8                        39 63 72 76 79 111 113 125 
miego                    5                        1 6 17 42 43 
mokinių                 2                        80 91 
mokslo                   5                        17 33 39 75 80 
mokytis                  2                        163 179 
mūruose                 2                        14 53 
ne                       6                        33 116 131 134 160 183 
nebuvo                   6                        71 74 77 104 129 169 
nebūtų                 2                        86 155 
negalėjo                2                        1 42 
negu                     5                        68 83 88 129 149 
nei                      5                        67 67 74 176 176 
nes                      3                        11 77 182 
netrukus                 2                        4 84 
nieko                    3                        133 148 151 
noras                    2                        75 94 
nors                     3                        167 169 171 
nuo                      8                        7 9 19 64 75 121 129 145 
nuėjo                   2                        118 153 
nė                      4                        76 128 148 170 
o                        20                       23 25 27 34 34 37 38 66 88 97 108 111 113 121 131 134 145 152 157 180 
pa                       2                        3 77 
pagaliau                 5                        91 117 136 161 163 
pakrypo                  2                        63 111 
pamaldų                 2                        136 162 
pamokas                  2                        25 161 
pasaulio                 2                        54 87 
pasiūta                 2                        150 154 
paskutiniųjų           2                        7 98 
pat                      12                       3 5 10 29 60 67 74 76 106 127 129 165 
pats                     5                        23 92 114 119 179 
patys                    2                        139 140 
paveikslėlius           2                        128 138 
pačioj                  3                        63 159 165 
pašaukimo               3                        69 72 182 
per                      7                        13 40 44 52 151 152 161 
pietų                   2                        21 36 
pirmamečiai             2                        115 137 
pirmoji                  2                        94 128 
pirmos                   2                        50 55 
pirmą                   2                        9 11 
po                       17                       11 11 17 21 21 23 29 36 38 71 84 111 113 116 125 136 148 
porą                    2                        14 40 
pradžioj                2                        38 39 
pranešdavo              2                        22 31 
prie                     8                        4 15 40 48 49 121 141 141 
prieš                   4                        31 39 49 182 
priimti                  2                        11 119 
pro                      2                        2 48 
proga                    3                        83 132 162 
punktus                  2                        29 66 
pusiau                   2                        18 26 
pusių                   3                        55 121 153 
pusvalandžio            2                        17 23 
pusę                    2                        27 78 
raudonikis               2                        107 112 
reikia                   3                        47 83 105 
reikėdavo               2                        162 166 
reikėjo                 3                        71 116 148 
rekolekcijas             2                        9 38 
rekolekcijos             3                        39 67 68 
rekreacija               2                        22 27 
rektorius                3                        24 119 165 
religinio                2                        125 134 
religinį                2                        88 131 
ryto                     4                        2 10 29 48 
sako                     2                        103 104 
sanctissimum             2                        19 21 
sau                      3                        71 96 152 
savaičių               2                        14 40 
save                     2                        62 130 
savo                     19                       4 11 46 51 54 72 83 84 90 98 125 126 127 130 139 143 148 157 179 
seminarija               2                        5 157 
seminarijoj              7                        40 66 159 160 165 178 180 
seminarijos              13                       15 31 45 51 70 78 113 159 165 166 175 183 183 
seminariją              3                        73 89 100 
septintą                2                        18 26 
sienų                   2                        55 121 
silentium                2                        22 30 
skambalas                2                        23 34 
skambalo                 15                       1 4 16 17 18 19 22 23 24 26 28 30 41 42 45 
skambindavo              2                        18 21 
skirtas                  3                        23 30 76 
smūgiai                 10                       1 17 18 19 23 24 26 28 30 45 
smūgis                  2                        22 43 
sode                     2                        28 112 
sodą                    2                        13 45 
stanislovo               2                        56 122 
stovi                    2                        92 159 
su                       19                       6 13 35 41 46 50 51 51 51 58 66 74 105 116 134 138 150 167 170 
sutana                   2                        150 154 
sutanas                  2                        9 11 
sutanomis                2                        58 124 
sutanos                  2                        132 138 
sutaną                  4                        115 117 135 148 
svarstymo                2                        68 72 
sąžinės               2                        20 28 
ta                       3                        33 83 132 
tada                     5                        31 66 71 73 94 
tai                      13                       5 5 56 61 77 89 100 117 148 151 160 161 165 
taip                     15                       3 5 10 60 67 71 74 85 88 96 104 106 128 173 184 
tam                      5                        25 116 117 158 174 
tapo                     2                        97 185 
tapti                    2                        15 138 
tarsi                    2                        62 91 
tas                      7                        23 41 42 88 129 141 152 
tačiau                  2                        3 159 
tekinas                  2                        46 115 
teko                     2                        83 98 
teks                     2                        62 101 
ten                      4                        41 103 104 106 
tie                      3                        58 90 104 
tiesų                   3                        141 149 154 
tik                      14                       14 42 44 53 71 73 77 98 130 133 133 133 160 172 
tikra                    2                        51 169 
tikras                   2                        149 178 
tikrą                   2                        116 117 
tiktai                   2                        11 68 
tikįs                   2                        86 134 
tinkamai                 2                        150 174 
to                       10                       10 15 40 44 53 67 82 84 89 150 
trukdavo                 2                        22 39 
trumpai                  2                        20 31 
tuo                      5                        10 80 106 115 180 
tuos                     3                        59 92 112 
turėdavo                2                        19 162 
turėjo                  5                        33 46 74 86 150 
tą                      4                        37 40 95 96 
tėvas                   3                        29 69 100 
tėvo                    4                        38 49 77 155 
tėvų                   4                        75 83 89 135 
tų                      6                        52 61 63 67 67 162 
už                      6                        25 37 56 86 99 146 
užsivilkimo             2                        132 138 
vaikščiojo             2                        99 139 
vakarinių               2                        29 38 
val                      3                        33 34 36 
valanda                  2                        2 19 
valandos                 4                        21 22 27 29 
valandą                 10                       17 18 20 22 23 24 26 28 30 33 
valandėlę              2                        1 99 
variokas                 3                        6 149 149 
vasario                  4                        47 63 111 168 
vasaris                  12                       8 13 40 59 71 114 115 121 125 134 154 159 
vasariui                 2                        50 55 
vasarį                  6                        1 9 79 94 143 153 
vertė                   2                        73 182 
vienas                   5                        7 22 81 143 154 
vieno                    3                        90 98 170 
vienos                   3                        38 48 49 
vienu                    2                        15 185 
viršininkas             3                        165 171 175 
vis                      5                        42 86 137 146 169 
visa                     3                        35 41 77 
visados                  3                        50 60 175 
visai                    6                        40 63 88 114 154 175 
visas                    2                        66 136 
visi                     6                        10 110 115 119 136 142 
viso                     3                        40 51 132 
visoj                    2                        82 180 
visus                    2                        36 79 
visą                    3                        15 128 166 
visų                    3                        54 141 153 
vos                      2                        40 148 
vėl                     2                        21 23 
ypač                    4                        43 55 80 157 
čia                     5                        98 127 146 165 184 
Į                       4                        18 20 52 89 
į                       35                       13 24 28 34 34 34 37 41 46 47 55 59 70 73 76 78 85 88 100 115 118 119 126 129 130 144 152 155 155 159 161 166 167 180 180 
įkarštis               2                        181 182 
įspūdžio              2                        50 129 
Šita                    2                        9 50 
Šitos                   2                        96 181 
Štai                    2                        106 110 
šaukdavo                5                        18 27 28 34 41 
šitoj                   2                        61 62 
šitą                   2                        112 132 
štai                    5                        8 83 111 132 133 
šv                      4                        55 56 121 122 
šventieji               3                        56 58 64 
šventimus               2                        39 162 
šventų                 2                        11 61 
šį                     2                        95 96 
žinojo                  3                        47 96 110 
žinoma                  2                        75 159 
žiūrėk                2                        145 149 
žvakių                 3                        48 57 123 
